303179674096853	303005721288629	site_iptvtest-tag_1-build_189-1404794898111	55001	10000
300505707211461	300351825881109	site_iptvtest-tag_1-build_139-1404794084221	41000	6000
309894698527141	299140846716165	site_iptvtest-tag_1-build_303-1404797252575	0	0
305037400882117	304856757581269	site_iptvtest-tag_1-build_223-1404795466342	53000	7000
305044091374741	304905821193845	site_iptvtest-tag_1-build_223-1404795466423	53000	7000
300893755783653	300724263303845	site_iptvtest-tag_1-build_148-1404794207187	36000	7000
309928150990261	299140846716165	site_iptvtest-tag_1-build_303-1404797252575	0	0
309908079512389	299140846716165	site_iptvtest-tag_1-build_303-1404797252575	1000	0
304850067088645	304676114280421	site_iptvtest-tag_1-build_222-1404795398165	53000	7000
304143105034709	303935699763365	site_iptvtest-tag_1-build_208-1404795190671	55001	6000
301087780069749	300940589232021	site_iptvtest-tag_1-build_149-1404794257076	94001	34000
301435685686197	301127923025493	site_iptvtest-tag_1-build_152-1404794399670	54000	5000
300717572811221	300557000988245	site_iptvtest-tag_1-build_143-1404794146053	39000	7000
309867936556645	299140846716165	site_iptvtest-tag_1-build_303-1404797252575	0	0
309821103108277	299140846716165	site_iptvtest-tag_1-build_303-1404797252575	0	0
309847865078773	299140846716165	site_iptvtest-tag_1-build_303-1404797252575	0	0
299809895978565	299470911018949	site_iptvtest-tag_1-build_127-1404793908969	38001	7000
300516858032501	300374127523189	site_iptvtest-tag_1-build_139-1404794084330	41000	6000
309861246064021	299140846716165	site_iptvtest-tag_1-build_303-1404797252575	0	0
310164548396309	299310339195973	site_iptvtest-tag_1-build_305-1404798768034	1000	0
310985248824853	309091839412261	site_iptvtest-tag_1-build_392-1404804426874	0	8000
301428995193573	301094470562373	site_iptvtest-tag_1-build_152-1404794399594	54000	5000
304618130011013	304444177202789	site_iptvtest-tag_1-build_215-1404795329225	53000	7000
307135985401845	305936157057941	site_iptvtest-tag_1-build_305-1404796236730	230000	8000
301799202452101	301469138149317	site_iptvtest-tag_1-build_158-1404794475588	54000	7000
300710882318597	300523548525125	site_iptvtest-tag_1-build_143-1404794145999	39000	7000
309901389019765	299140846716165	site_iptvtest-tag_1-build_303-1404797252575	0	0
307912082546229	307127064745013	site_iptvtest-tag_1-build_269-1404796489198	230000	9001
307918773038853	307156056879717	site_iptvtest-tag_1-build_270-1404796489247	230000	8000
309934841482885	299140846716165	site_iptvtest-tag_1-build_303-1404797252575	0	0
309794341137781	299140846716165	site_iptvtest-tag_1-build_303-1404797252575	0	0
309827793600901	299140846716165	site_iptvtest-tag_1-build_303-1404797252575	0	0
303172983604229	302961118004469	site_iptvtest-tag_1-build_189-1404794898070	55001	8000
300131039624517	299916943860549	site_iptvtest-tag_1-build_135-1404793976560	40000	7000
309963833617589	299310339195973	site_iptvtest-tag_1-build_305-1404798768034	1000	1000
299127465730917	299120775238293	site_iptvtest-tag_1-build_111-1404793636777	10000	7000
309323776489893	308826449871509	site_iptvtest-tag_1-build_293-1404796993369	229000	9001
303902247300245	303705992849941	site_iptvtest-tag_1-build_200-1404795114806	53000	7000
302004377559237	301821504094181	site_iptvtest-tag_1-build_166-1404794544584	55001	6000
300122118967685	299872340576389	site_iptvtest-tag_1-build_135-1404793976492	40000	7000
304843376596021	304624820503637	site_iptvtest-tag_1-build_221-1404795398052	53000	8000
309807722123029	299140846716165	site_iptvtest-tag_1-build_303-1404797252575	0	0
305244806153461	305050781867365	site_iptvtest-tag_1-build_228-1404795539624	286000	125000
309959373289173	299310339195973	site_iptvtest-tag_1-build_305-1404798768034	5454000	8000
309841174586149	299140846716165	site_iptvtest-tag_1-build_303-1404797252575	1000	0
309551253239109	299140846716165	site_iptvtest-tag_1-build_303-1404797252575	977001	481000
310144476918437	299310339195973	site_iptvtest-tag_1-build_305-1404798768034	0	0
310177929381557	299310339195973	site_iptvtest-tag_1-build_305-1404798768034	0	0
309555713567525	299140846716165	site_iptvtest-tag_1-build_303-1404797252575	1000	1000
301078859412917	300902676440485	site_iptvtest-tag_1-build_149-1404794257025	94001	33000
299464220526325	299134156223541	site_iptvtest-tag_1-build_112-1404793813724	56001	25000
302481632699749	302300989398901	site_iptvtest-tag_1-build_184-1404794692569	52000	6000
304158716184165	303951310912821	site_iptvtest-tag_1-build_208-1404795190770	54000	7000
303652468908949	303433912816565	site_iptvtest-tag_1-build_191-1404795038494	53000	7000
304611439518389	304399573918629	site_iptvtest-tag_1-build_215-1404795329144	53000	8000
309921460497637	299140846716165	site_iptvtest-tag_1-build_303-1404797252575	0	0
309961603453381	299310339195973	site_iptvtest-tag_1-build_305-1404798768034	1000	0
303659159401573	303471825608101	site_iptvtest-tag_1-build_194-1404795038552	53000	7000
308764005273685	308005749442965	site_iptvtest-tag_1-build_295-1404796742915	230000	7000
301785821466853	301442376178821	site_iptvtest-tag_1-build_157-1404794475491	54000	7000
301997687066613	301805892944725	site_iptvtest-tag_1-build_166-1404794544526	55001	7000
309834484093525	299140846716165	site_iptvtest-tag_1-build_303-1404797252575	0	0
309774269659909	299140846716165	site_iptvtest-tag_1-build_303-1404797252575	1000	0
309801031630405	299140846716165	site_iptvtest-tag_1-build_303-1404797252575	1000	0
309854555571397	299140846716165	site_iptvtest-tag_1-build_303-1404797252575	0	0
309914770005013	299140846716165	site_iptvtest-tag_1-build_303-1404797252575	0	0
304377272276549	304194398811493	site_iptvtest-tag_1-build_215-1404795260976	52000	7000
304383962769173	304201089304117	site_iptvtest-tag_1-build_215-1404795261070	52000	7000
310184619874181	299310339195973	site_iptvtest-tag_1-build_305-1404798768034	0	0
310157857903685	299310339195973	site_iptvtest-tag_1-build_305-1404798768034	0	0
310171238888933	299310339195973	site_iptvtest-tag_1-build_305-1404798768034	0	0
310987478989061	309091839412261	site_iptvtest-tag_1-build_392-1404804426874	0	2000
302256386114741	302064591992853	site_iptvtest-tag_1-build_171-1404794621303	55001	6000
306150252821909	305282718944997	site_iptvtest-tag_1-build_237-1404795974477	232000	8000
302249695622117	302011068051861	site_iptvtest-tag_1-build_171-1404794621257	55001	7000
302718030105797	302499474013413	site_iptvtest-tag_1-build_178-1404794759405	54000	6000
302947737019221	302726950762629	site_iptvtest-tag_1-build_182-1404794828977	54000	7000
299818816635397	299477601511573	site_iptvtest-tag_1-build_127-1404793909105	38001	7000
309780960152533	299140846716165	site_iptvtest-tag_1-build_303-1404797252575	0	0
309814412615653	299140846716165	site_iptvtest-tag_1-build_303-1404797252575	0	0
309874627049269	299140846716165	site_iptvtest-tag_1-build_303-1404797252575	1000	0
299114084745669	299107394253045	site_iptvtest-tag_1-build_111-1404793631669	8000	7000
309330466982517	308895584961957	site_iptvtest-tag_1-build_293-1404796993433	229000	9001
299100703760421	299094013267797	site_iptvtest-tag_1-build_111-1404793626617	7000	6000
309888008034517	299140846716165	site_iptvtest-tag_1-build_303-1404797252575	0	0
302954427511845	302773784210997	site_iptvtest-tag_1-build_182-1404794829032	54000	7000
306141332165077	305260417302917	site_iptvtest-tag_1-build_237-1404795974377	232000	8000
300320603582197	300164492087637	site_iptvtest-tag_1-build_146-1404794034881	38001	4000
309553483403317	299140846716165	site_iptvtest-tag_1-build_303-1404797252575	0	0
303416071502901	303186364589477	site_iptvtest-tag_1-build_185-1404794971779	50000	7000
309767579167285	299140846716165	site_iptvtest-tag_1-build_303-1404797252575	0	0
309787650645157	299140846716165	site_iptvtest-tag_1-build_303-1404797252575	0	0
309881317541893	299140846716165	site_iptvtest-tag_1-build_303-1404797252575	0	0
303893326643413	303665849894197	site_iptvtest-tag_1-build_199-1404795114717	54000	7000
310151167411061	299310339195973	site_iptvtest-tag_1-build_305-1404798768034	0	0