299134156223541 [299151997537205,299158688029829,299165378522453,299172069015077,299189910328741,299196600821365,299203291313989,299218902463445,299225592956069,299232283448693,299238973941317,299254585090773,299261275583397,299267966076021,299283577225477,299290267718101,299296958210725,299303648703349,299319259852805,299325950345429,299332640838053,299339331330677,299357172644341,299363863136965,299370553629589,299386164779045,299392855271669,299399545764293,299406236256917,299424077570581,299430768063205,299437458555829,299448609376869]
299140846716165 [299178759507701,299209981806613,299245664433941,299274656568645,299346021823301,299377244122213,299638173334549,299908023203717,299943705831045,299972697965749,300010610757285,300242547834917,300358516373733,300403119657893,300432111792597,300592683615573,300628366242901,300670739362853,300766636423797,300795628558501,300840231842661,300947279724645,300976271859349,301134613518117,301201518444357,301239431235893,301270653534805,301335328296837,301373241088373,301475828641941,301511511269269,301547193896597,301576186031301,301846035900469,301877258199381,301906250334085,302048980843397,302091353963349,302120346098053,302156028725381,302263076607365,302327751369397,302387965803013,302488323192373,302561918611237,302597601238565,302626593373269,302733641255253,302831768480405,302860760615109,302965578332885,303025792766501,303054784901205,303090467528533,303264420336757,303333555427205,303424992159733,303494127250181,303525349549093,303741675477269,303777358104597,303806350239301,303942390255989,303971382390693,304007065018021,304036057152725,304131954213669,304214470289365,304250152916693,304285835544021,304390653261797,304457558188037,304495470979573,304531153606901,304649352309925,304731868385621,304767551012949,304896900537013,304932583164341,305135528107269,305200202869301,305289409437621,305325092064949,305389766826981,305418758961685,305476743231093,305512425858421,305541417993125,305577100620453,305670767517189,305699759651893,305795656712837,305831339340165,305860331474869,305898244266405,305927236401109,305962919028437,306020903297845,306056585925173,306194856106069,306259530868101,306324205630133,306359888257461,306391110556373,306455785318405,306491467945733,306522690244645,306553912543557,306620817469797,306710024038117,307162747372341,307198429999669,307227422134373,307263104761701,307292096896405,307327779523733,307356771658437,307423676584677,307452668719381,307481660854085,307517343481413,307546335616117,307582018243445,307972296979845,308112797324949,308177472086981,308206464221685,308271138983717,308338043909957,308402718671989,308438401299317,308467393434021,308532068196053,308902275454581,308940188246117,308975870873445,309040545635477,309069537770181]
299310339195973 [299412926749541,299444149048453,299497672989445,299544506437813,299573498572517,299609181199845,300177873072885,300213555700213,300563691480869,301011954486677,301172526309653,301306336162133,301812583437349,302358973668309,302793855688869,303213126559973,303295642635669,303561032176421,303712683342565,304702876250917,304954884806421,304963805463253,305099845479941,305164520241973,305354084199653,305447751096389,305606092755157,305641775382485,305735442279221,305764434413925,305991911163141,306230538733397,306295213495429,306420102691077,306589595170885,307387993957349,308141789459653,308242146849013,308306821611045,308373726537285,308496385568725,309004863008149]
299470911018949 [299488752332613,299508823810485,299524434959941,299531125452565,299537815945189,299553427094645,299560117587269,299566808079893,299582419229349,299589109721973,299595800214597,299602490707221,299618101856677,299624792349301,299631482841925,299647093991381,299685006782917]
299477601511573 [299508823810485,299524434959941,299531125452565,299537815945189,299553427094645,299560117587269,299566808079893,299582419229349,299589109721973,299595800214597,299602490707221,299618101856677,299624792349301,299631482841925,299647093991381,299685006782917]
299872340576389 [299923634353173,299930324845797,299937015338421,299952626487877,299959316980501,299966007473125,299981618622581,299988309115205,299994999607829,300017301249909,300030682235157]
299916943860549 [299930324845797,299937015338421,299952626487877,299959316980501,299966007473125,299981618622581,299988309115205,299994999607829,300017301249909,300030682235157]
300164492087637 [300171182580261,300186793729717,300193484222341,300200174714965,300206865207589,300222476357045,300229166849669,300235857342293,300251468491749,300258158984373,300298301940117]
300351825881109 [300389738672645,300396429165269,300412040314725,300418730807349,300425421299973,300443262613637,300449953106261]
300374127523189 [300396429165269,300412040314725,300418730807349,300425421299973,300443262613637,300449953106261]
300523548525125 [300572612137701,300579302630325,300585993122949,300601604272405,300608294765029,300614985257653,300621675750277,300637286899733,300643977392357,300659588541813]
300557000988245 [300579302630325,300585993122949,300601604272405,300608294765029,300614985257653,300621675750277,300637286899733,300643977392357,300659588541813]
300724263303845 [300746564945925,300753255438549,300759945931173,300775557080629,300782247573253,300788938065877,300804549215333,300811239707957,300817930200581,300824620693205,300849152499493]
300902676440485 [300956200381477,300962890874101,300969581366725,300985192516181,300991883008805,300998573501429,301005263994053,301020875143509]
300940589232021 [300962890874101,300969581366725,300985192516181,300991883008805,300998573501429,301005263994053,301020875143509]
301094470562373 [301145764339157,301152454831781,301159145324405,301165835817029,301181446966485,301188137459109,301194827951733,301212669265397,301219359758021,301226050250645,301232740743269,301250582056933,301257272549557,301263963042181,301279574191637,301286264684261,301292955176885,301299645669509,301315256818965,301321947311589,301328637804213,301346479117877,301353169610501,301359860103125,301366550595749,301382161745205]
301127923025493 [301145764339157,301152454831781,301159145324405,301165835817029,301181446966485,301188137459109,301194827951733,301212669265397,301219359758021,301226050250645,301232740743269,301250582056933,301257272549557,301263963042181,301279574191637,301286264684261,301292955176885,301299645669509,301315256818965,301321947311589,301328637804213,301346479117877,301353169610501,301359860103125,301366550595749,301382161745205]
301442376178821 [301484749298773,301491439791397,301498130284021,301504820776645,301520431926101,301533812911349,301540503403973,301556114553429,301562805046053,301569495538677,301585106688133,301596257509173,301602948001797]
301469138149317 [301491439791397,301498130284021,301504820776645,301520431926101,301533812911349,301540503403973,301556114553429,301562805046053,301569495538677,301585106688133,301596257509173,301602948001797]
301805892944725 [301828194586805,301834885079429,301841575572053,301857186721509,301863877214133,301870567706757,301886178856213,301892869348837,301899559841461,301915170990917,301921861483541,301928551976165]
301821504094181 [301828194586805,301834885079429,301841575572053,301857186721509,301863877214133,301870567706757,301886178856213,301892869348837,301899559841461,301915170990917,301921861483541,301928551976165]
302011068051861 [302071282485477,302077972978101,302084663470725,302100274620181,302106965112805,302113655605429,302129266754885,302135957247509,302142647740133,302149338232757,302164949382213,302176100203253,302185020860085]
302064591992853 [302077972978101,302084663470725,302100274620181,302106965112805,302113655605429,302129266754885,302135957247509,302142647740133,302149338232757,302164949382213,302176100203253,302185020860085]
302300989398901 [302307679891525,302314370384149,302321060876773,302338902190437,302345592683061,302352283175685,302367894325141,302374584817765,302381275310389,302392426131429,302403576952469,302410267445093,302416957937717]
302499474013413 [302548537625989,302555228118613,302566378939653,302577529760693,302584220253317,302590910745941,302606521895397,302613212388021,302619902880645,302637744194309,302644434686933,302651125179557]
302726950762629 [302780474703621,302787165196245,302805006509909,302811697002533,302818387495157,302825077987781,302840689137237,302847379629861,302854070122485,302869681271941,302876371764565,302883062257189]
302773784210997 [302787165196245,302805006509909,302811697002533,302818387495157,302825077987781,302840689137237,302847379629861,302854070122485,302869681271941,302876371764565,302883062257189]
302961118004469 [303012411781253,303019102273877,303034713423333,303041403915957,303048094408581,303063705558037,303070396050661,303077086543285,303083777035909,303101618349573,303108308842197]
303005721288629 [303012411781253,303019102273877,303034713423333,303041403915957,303048094408581,303063705558037,303070396050661,303077086543285,303083777035909,303101618349573,303108308842197]
303186364589477 [303230967873637,303244348858885,303251039351509,303257729844133,303275571157797,303282261650421,303288952143045,303306793456709,303313483949333,303320174441957,303326864934581,303344706248245,303351396740869,303358087233493]
303433912816565 [303480746264933,303487436757557,303505278071221,303511968563845,303518659056469,303534270205925,303540960698549,303547651191173,303554341683797,303572182997461,303578873490085]
303471825608101 [303487436757557,303505278071221,303511968563845,303518659056469,303534270205925,303540960698549,303547651191173,303554341683797,303572182997461,303578873490085]
303665849894197 [303721603999397,303728294492021,303734984984645,303750596134101,303757286626725,303763977119349,303770667611973,303786278761429,303792969254053,303799659746677,303815270896133,303826421717173,303837572538213]
303705992849941 [303721603999397,303728294492021,303734984984645,303750596134101,303757286626725,303763977119349,303770667611973,303786278761429,303792969254053,303799659746677,303815270896133,303826421717173,303837572538213]
303935699763365 [303958001405445,303964691898069,303980303047525,303986993540149,303993684032773,304000374525397,304015985674853,304022676167477,304029366660101,304044977809557,304051668302181,304062819123221,304071739780053]
303951310912821 [303964691898069,303980303047525,303986993540149,303993684032773,304000374525397,304015985674853,304022676167477,304029366660101,304044977809557,304051668302181,304062819123221,304071739780053]
304194398811493 [304207779796741,304223390946197,304230081438821,304236771931445,304243462424069,304259073573525,304265764066149,304272454558773,304279145051397,304294756200853,304301446693477,304308137186101]
304201089304117 [304207779796741,304223390946197,304230081438821,304236771931445,304243462424069,304259073573525,304265764066149,304272454558773,304279145051397,304294756200853,304301446693477,304308137186101]
304399573918629 [304450867695413,304468709009077,304475399501701,304482089994325,304488780486949,304504391636405,304511082129029,304517772621653,304524463114277,304540074263733,304546764756357]
304444177202789 [304450867695413,304468709009077,304475399501701,304482089994325,304488780486949,304504391636405,304511082129029,304517772621653,304524463114277,304540074263733,304546764756357]
304624820503637 [304682804773045,304689495265669,304696185758293,304711796907749,304718487400373,304725177892997,304740789042453,304747479535077,304754170027701,304760860520325,304776471669781,304783162162405]
304676114280421 [304682804773045,304689495265669,304696185758293,304711796907749,304718487400373,304725177892997,304740789042453,304747479535077,304754170027701,304760860520325,304776471669781,304783162162405]
304856757581269 [304912511686469,304919202179093,304925892671717,304941503821173,304948194313797,304972726120085]
304905821193845 [304912511686469,304919202179093,304925892671717,304941503821173,304948194313797,304972726120085]
305050781867365 [305093154987317,305108766136773,305115456629397,305122147122021,305128837614645,305144448764101,305151139256725,305157829749349,305173440898805,305180131391429,305186821884053,305193512376677,305213583854549]
305260417302917 [305298330094453,305305020587077,305311711079701,305318401572325,305334012721781,305340703214405,305347393707029,305363004856485,305369695349109,305376385841733,305383076334357,305398687483813,305405377976437,305412068469061,305427679618517,305434370111141,305441060603765,305456671753221,305463362245845,305470052738469,305483433723717,305492354380549,305499044873173,305505735365797,305521346515253,305528037007877,305534727500501,305550338649957,305557029142581,305563719635205,305570410127829,305586021277285,305592711769909,305599402262533,305615013411989,305621703904613,305628394397237,305635084889861,305650696039317,305657386531941,305664077024565,305679688174021,305686378666645,305693069159269,305708680308725,305715370801349,305722061293973,305728751786597,305744362936053,305751053428677,305757743921301,305775585234965,305782275727589,305788966220213,305804577369669,305811267862293,305817958354917,305824648847541,305840259996997,305846950489621,305853640982245,305871482295909,305878172788533,305884863281157,305891553773781,305907164923237,305913855415861]
305282718944997 [305305020587077,305311711079701,305318401572325,305334012721781,305340703214405,305347393707029,305363004856485,305369695349109,305376385841733,305383076334357,305398687483813,305405377976437,305412068469061,305427679618517,305434370111141,305441060603765,305456671753221,305463362245845,305470052738469,305483433723717,305492354380549,305499044873173,305505735365797,305521346515253,305528037007877,305534727500501,305550338649957,305557029142581,305563719635205,305570410127829,305586021277285,305592711769909,305599402262533,305615013411989,305621703904613,305628394397237,305635084889861,305650696039317,305657386531941,305664077024565,305679688174021,305686378666645,305693069159269,305708680308725,305715370801349,305722061293973,305728751786597,305744362936053,305751053428677,305757743921301,305775585234965,305782275727589,305788966220213,305804577369669,305811267862293,305817958354917,305824648847541,305840259996997,305846950489621,305853640982245,305871482295909,305878172788533,305884863281157,305891553773781,305907164923237,305913855415861,305920545908485]
305936157057941 [305942847550565,305949538043189,305956228535813,305971839685269,305978530177893,305985220670517,306000831819973,306007522312597,306014212805221,306029823954677,306036514447301,306043204939925,306049895432549,306067736746213,306074427238837,306156943314533,306203776762901,306210467255525,306217157748149,306223848240773,306239459390229,306246149882853,306252840375477,306268451524933,306275142017557,306281832510181,306288523002805,306304134152261,306310824644885,306317515137509,306333126286965,306339816779589,306346507272213,306353197764837,306371039078501,306377729571125,306384420063749,306400031213205,306406721705829,306413412198453,306429023347909,306435713840533,306442404333157,306449094825781,306464705975237,306471396467861,306478086960485,306484777453109,306502618766773,306509309259397,306515999752021,306533841065685,306540531558309,306547222050933,306560603036181,306569523693013,306576214185637,306582904678261,306600745991925,306607436484549,306614126977173,306629738126629,306636428619253,306643119111877,306649809604501,306814841755893]
307127064745013 [307171668029173,307178358521797,307185049014421,307191739507045,307207350656501,307214041149125,307220731641749,307236342791205,307243033283829,307249723776453,307256414269077,307272025418533,307278715911157,307285406403781,307301017553237,307307708045861,307314398538485,307321089031109,307336700180565,307343390673189,307350081165813,307367922479477,307374612972101,307381303464725,307396914614181,307403605106805,307410295599429,307416986092053,307432597241509,307439287734133,307445978226757,307461589376213,307468279868837,307474970361461,307488351346709,307497272003541,307503962496165,307510652988789,307526264138245,307532954630869,307539645123493,307555256272949,307561946765573,307568637258197,307575327750821,307593169064485,307599859557109,307682375632805]
307156056879717 [307178358521797,307185049014421,307191739507045,307207350656501,307214041149125,307220731641749,307236342791205,307243033283829,307249723776453,307256414269077,307272025418533,307278715911157,307285406403781,307301017553237,307307708045861,307314398538485,307321089031109,307336700180565,307343390673189,307350081165813,307367922479477,307374612972101,307381303464725,307396914614181,307403605106805,307410295599429,307416986092053,307432597241509,307439287734133,307445978226757,307461589376213,307468279868837,307474970361461,307488351346709,307497272003541,307503962496165,307510652988789,307526264138245,307532954630869,307539645123493,307555256272949,307561946765573,307568637258197,307575327750821,307593169064485,307599859557109,307682375632805]
308005749442965 [308092725847077,308099416339701,308106106832325,308121717981781,308128408474405,308135098967029,308150710116485,308157400609109,308164091101733,308170781594357,308186392743813,308193083236437,308199773729061,308215384878517,308222075371141,308228765863765,308235456356389,308251067505845,308257757998469,308264448491093,308280059640549,308286750133173,308293440625797,308300131118421,308317972432085,308324662924709,308331353417333,308346964566789,308353655059413,308360345552037,308367036044661,308382647194117,308389337686741,308396028179365,308411639328821,308418329821445,308425020314069,308431710806693,308447321956149,308454012448773,308460702941397,308476314090853,308483004583477,308489695076101,308505306225557,308511996718181,308518687210805,308525377703429,308621274764373]
308826449871509 [308913426275621,308920116768245,308926807260869,308933497753493,308949108902949,308955799395573,308962489888197,308969180380821,308984791530277,308991482022901,308998172515525,309013783664981,309020474157605,309027164650229,309033855142853,309049466292309,309056156784933,309062847277557,309078458427013,309085148919637]
308895584961957 [308920116768245,308926807260869,308933497753493,308949108902949,308955799395573,308962489888197,308969180380821,308984791530277,308991482022901,308998172515525,309013783664981,309020474157605,309027164650229,309033855142853,309049466292309,309056156784933,309062847277557,309078458427013,309085148919637]