2375534,2375574,2375614,2375654,2375694,2375734,2375774,2375814,2375854,2375894,2375934,2375974,2376014
163456,163463,163470,163477,163484,163491,163498,163505
209823,209831,209839,209847,209855,209863,209871,209879,247008,247025,247076
666318,666334,666350,666366,666382,666398,666414,666430,666446,666462,666478
271536,271545,657207,874157,986704,1102012,1841752
710690,710896,710912,710454,710646,710674,735834,887034,1416254,710928,711392,733634,710438,709734,709750,709942,676588,676604,676796,710214,710230,710422,709958,709974,710182
279131,279122,279113,279140,279167,279158,279149,279104,279059,279050,279041,279068,279095,279086,279077
1013895,1013843,1013783
1102970,1102994,1102946,1102898,1102922
284006,283997,291620,575508,435034,283952,283943,283970,283988,283979
397275,397262,397288,397314,397301,397249,397197,397184,397210,397236,397223
273904,273913,273886,273895,723750,746790,273922,645626,273877,273823,273832,273800,273813,273859,273868,273841,273850
271650,271662,271635,271613,271624
283002,283011,282984,282993,283020,297116,2083134,283029,283038,282975,282912,282921,282894,282903,282930,282957,282966,282939,282948
282857,282848,282866,2137874,282875,282812,282803,282821,282839,282830
282776,282767,282758,2137834,2134954,282785,282749,282713,282704,282695,282740,282731,282722
2118014,2117974,2117934,2118054,2118174,2118134,2118094,2117734,2117694,2117654,2117774,2117894,2117854,2117814
1156293,1156269,1156317,1156389,1156341,1156244,1156148,1156124,1156172,1156220,1156196,1156605,1156557,1156629,1156677,1156653,1156533,1156437,1156413,1156461,1156509,1156485,1155620,1155596,1155644,1155716,1155668,1155572,1155428,1155380,1155476,1155548,1155524,1156028,1156004,1156052,1156100,1156076,1155980,1155788,1155740,1155836,1155884,1155860,1591883,1425852,1685765,1965106,1858146,1416133,1404455,1404335,1404575,1416018,1415903,2436228,2395107,2436408,2449617,2449428,2228748,2019505,1965426,2140227,2156947,2156767,1156929,1156893,1156985,1157083,1157036,1156869,1156725,1156701,1156749,1156821,1156797,1334695,1334543,1361123,1388503,1361236,1334412,1157283,1157127,1157371,1329943,1329731,1155356,1153436,1153412,1153460,1153532,1153484,1153388,1153292,1153268,1153316,1153364,1153340,1153844,1153820,1153868,1153916,1153892,1153796,1153628,1153580,1153676,1153748,1153724,1152908,1152884,1152932,1152980,1152956,1152860,1152716,1152692,1152740,1152812,1152788,1153172,1153148,1153196,1153244,1153220,1153124,1153028,1153004,1153052,1153100,1153076,1154876,1154804,1154924,1154996,1154972,1154780,1154636,1154612,1154684,1154756,1154732,1155236,1155212,1155260,1155332,1155284,1155188,1155068,1155020,1155092,1155164,1155116,1154132,1154108,1154156,1154204,1154180,1154084,1153988,1153964,1154012,1154060,1154036,1154492,1154468,1154516,1154564,1154540,1154444,1154276,1154228,1154300,1154396,1154348
274594,274603,274576,274585,274630,2377554,274612,274621,274522,274531,274504,274513,274558,274567,274540,274549
272857,272848,272839,272866,314983,272884,272875,272830,272785,272776,272767,272794,272821,272812,272803
2062574,2062614,2062534,2062454,2062494
279680,279689,279671,279653,279662,279725,613535,279716,279698,279707,279644,279581,279590,279572,279554,279563,279626,279635,279617,279599,279608
275746,275757,275735,275715,275725,275766,976596,1259407,923932,547849,609745,275698,275623,275632,275614,275596,275605,275642,275678,275688,275669,275651,275660